94 43 06 47 45 51 73 49 31 58 19 36 54 75 07 05 82 20 31 32
03 18 43 41 83 62 27 75 52 58 18 01 61 67 55 72 16 12 87 21
39 23 28 31 86 19 85 90 77 04 85 81 09 52 67 77 45 07 21 26
01 92 83 43 03 03 51 05 38 37 44 66 31 08 79 42 85 92 89 29
63 96 50 12 15 11 33 07 04 58 27 07 07 54 31 94 25 08 61 51
86 36 19 71 08 77 08 06 40 39 24 82 69 82 39 52 85 48 22 57
44 25 85 86 73 58 95 13 50 39 24 55 58 79 42 98 44 16 13 74
19 82 12 70 06 64 03 04 29 43 40 77 88 74 13 13 17 45 02 22
55 46 68 15 55 74 42 40 88 68 67 67 08 13 74 47 03 95 36 46
67 66 66 32 08 30 92 40 13 79 19 29 27 18 42 86 30 41 27 50
98 79 44 90 22 72 84 42 46 72 98 12 14 06 70 01 41 60 51 82
30 63 88 79 44 54 12 15 03 89 84 23 04 32 60 70 20 43 02 52
21 18 98 59 17 29 42 19 17 49 71 25 22 84 50 46 60 31 64 53
63 20 70 12 01 75 72 79 48 77 16 60 47 67 45 67 35 55 26 32
75 56 87 52 77 78 93 65 21 35 01 15 52 94 10 61 08 79 40 29
20 50 37 68 23 64 15 10 20 15 19 92 63 69 15 94 94 54 45 51
57 28 27 51 42 95 94 35 26 42 31 26 14 75 06 86 32 92 71 63
73 11 38 53 79 40 56 60 25 54 78 78 53 39 50 64 67 15 24 74
71 18 93 74 30 86 50 12 06 80 96 10 95 17 98 29 13 64 56 81
38 04 40 98 22 08 31 41 25 91 95 83 38 93 62 87 27 33 58 26