74 15 51 04 36 61 65 25 55 70 18 81 22 03 48 74 82 19 84 83
60 62 09 59 28 61 81 53 86 77 19 67 52 17 80 11 91 61 55 02
98 79 24 25 57 38 81 50 49 19 14 59 36 05 46 62 98 04 39 90
54 41 07 98 75 24 57 32 56 08 52 63 97 95 55 19 91 62 29 56
85 65 90 43 61 39 82 95 94 58 64 41 36 26 98 39 05 87 87 31
31 73 51 29 29 25 44 64 85 92 23 26 02 36 94 53 72 79 58 91
14 32 43 30 92 64 72 16 38 91 61 10 10 72 29 28 64 61 42 80
92 39 99 47 20 84 32 66 85 79 83 03 44 34 79 51 29 40 63 40
28 70 27 04 60 55 92 55 49 81 19 08 36 32 79 84 52 61 92 31
51 06 75 81 35 34 22 62 90 65 08 57 14 19 28 17 06 49 79 76
64 96 13 09 17 19 52 01 54 86 90 26 16 39 51 04 18 35 65 05
48 06 34 22 12 78 87 24 87 10 46 16 11 73 24 16 68 14 92 93
30 94 52 49 32 61 30 06 33 33 42 87 55 13 39 20 09 57 83 02
84 24 84 16 87 22 51 27 87 87 34 99 37 14 59 13 17 33 31 18
09 01 66 57 90 61 90 60 40 38 25 15 89 05 81 16 28 58 98 90
93 44 02 87 93 23 92 51 05 32 69 92 21 77 95 17 47 01 13 73
71 34 40 57 29 78 99 88 40 40 35 57 56 65 63 48 24 40 20 21
72 65 20 67 61 69 19 63 50 68 07 93 58 31 97 89 05 98 41 81
33 95 07 34 06 34 62 97 07 18 08 39 86 58 35 12 50 44 81 89
85 47 54 31 31 83 28 70 49 27 40 37 55 59 46 25 34 84 72 32