77 03 60 92 17 38 45 92 20 33 14 39 66 93 37 44 21 77 90 63
52 83 50 02 09 48 68 37 57 19 59 20 25 64 92 06 24 29 06 64
47 86 85 02 43 56 90 41 55 12 99 36 90 12 15 38 19 95 24 98
40 56 42 73 98 74 49 32 48 57 71 65 73 19 12 20 29 39 38 28
72 88 83 38 08 20 33 63 44 43 33 34 82 22 58 78 61 67 43 64
90 70 23 28 50 33 42 69 36 80 37 25 87 41 34 54 51 52 90 22
89 59 43 77 83 36 40 85 60 65 78 44 15 55 49 77 05 72 97 46
91 42 79 06 56 13 66 74 21 07 07 29 23 11 36 50 91 10 81 87
15 91 46 51 64 19 98 34 54 09 10 20 46 04 90 88 71 50 23 50
34 18 67 15 34 64 71 05 82 84 38 91 55 01 04 71 49 31 18 44
87 36 48 01 81 59 57 82 49 12 62 95 09 39 90 41 33 53 67 17
47 40 49 23 03 84 04 40 36 13 90 57 03 03 66 74 28 80 59 39
56 33 58 99 85 64 40 55 58 99 38 39 05 30 02 97 33 75 31 68
68 87 07 21 91 39 25 77 58 96 65 01 83 57 04 36 77 94 11 41
94 36 45 26 04 37 20 55 15 81 82 81 74 68 14 78 93 69 79 63
57 79 74 21 69 39 41 76 84 20 07 40 26 28 93 81 25 82 60 25
57 56 15 51 30 82 92 76 36 05 18 63 82 45 51 16 15 39 72 70
12 72 17 91 75 60 20 23 83 93 41 99 74 54 10 61 40 96 18 85
22 35 89 04 71 43 34 24 39 44 40 97 01 98 61 07 77 95 68 54
99 78 42 88 54 50 54 83 36 41 80 45 14 96 45 65 17 27 77 54