50 90 39 34 66 81 27 48 46 68 48 92 78 84 93 39 43 01 65 87
78 56 09 43 84 73 66 38 83 57 97 52 77 13 12 02 65 93 39 01
36 43 10 19 55 48 85 70 82 39 91 82 85 17 06 54 87 85 04 72
85 88 60 98 04 99 53 21 33 53 63 18 45 29 43 41 80 04 31 19
09 92 98 44 51 08 31 15 47 31 80 83 20 84 69 49 93 39 13 88
75 64 96 95 22 41 26 33 68 09 81 28 61 69 37 57 36 80 96 74
46 94 06 19 20 51 85 92 43 75 70 70 36 31 76 63 89 46 25 88
73 03 56 73 80 82 36 98 90 46 10 46 65 83 75 47 61 28 59 22
71 49 36 87 08 25 76 73 80 06 06 33 79 10 93 65 26 73 42 18
07 40 33 64 05 25 89 95 58 83 28 35 74 05 06 09 03 02 35 41
49 49 15 18 65 55 01 79 10 37 77 80 79 84 93 21 85 64 46 35
03 53 59 07 65 58 24 55 26 40 89 94 51 74 54 86 22 83 19 44
60 88 15 26 11 16 55 59 81 53 92 23 55 79 13 89 02 17 97 41
12 47 46 17 43 16 91 94 73 89 12 58 25 24 55 01 67 03 01 71
75 19 60 87 27 48 72 88 48 59 74 86 49 94 15 95 41 94 15 71
31 61 47 32 34 69 32 01 01 80 19 57 98 37 31 51 66 38 62 72
70 78 41 09 47 94 26 65 17 42 59 80 07 75 63 96 07 10 47 38
20 78 38 26 64 62 11 38 68 37 74 09 65 16 38 85 50 62 39 97
88 30 34 33 21 07 94 10 73 85 82 62 99 67 61 10 04 70 31 49
09 41 22 34 83 55 03 08 75 30 57 65 89 60 90 84 74 17 02 19